((("nh" .
   [1 0])
  ("nh_" .
   [2 0 0])
  ("NodeHandle" .
   [1 0 0 0 0 0 0 0 0 0])
  ("the" .
   [1 0 0])
  ("-f" .
   [2 0])
  ("grid" .
   [1 0 0 0])
  ("pause" .
   [2 0 0 0 0])
  ("set_title" .
   [1 0 0 0 0 0 0 0 0])
  ("subplot" .
   [1 0 0 0 0 0 0])
  ("plt" .
   [6 0 0])
  ("scatter" .
   [1 0 0 0 0 0 0])
  ("fig" .
   [1 0 0])
  ("rospy" .
   [1 0 0 0 0])
  ("ms_r_min" .
   [2 0 0 0 1 0 0 0])
  ("str_ms_r_min" .
   [2 0 0 0 0 0 0 0 0 0 0 0])
  ("str_ms_r" .
   [0 0 0 0 0 1 2 0])
  ("ms_r" .
   [5 0 0 0])
  ("heading_" .
   [1 0 0 0 0 0 0 0])
  ("get_estimate" .
   [1 0 0 0 0 0 0 0 0 0 0 0])
  ("inferrer" .
   [1 0 0 0 0 0 0 0])
  ("probing" .
   [2 0 0 0 0 0 0])
  ("distTH_" .
   [2 0 0 0 0 0 0])
  ("one" .
   [1 0 0])
  ("cout" .
   [1 0 0 0])
  ("three" .
   [2 0 0 0 0])
  ("two" .
   [3 0 0])
  ("dir" .
   [1 0 0])
  ("endl" .
   [3 0 0 1])
  ("std" .
   [4 0 0])
  ("Vector3d" .
   [1 0 0 0 0 0 0 1])
  ("left" .
   [6 0 0 0])
  ("lane_left" .
   [1 0 0 0 0 0 0 0 0])
  ("lc" .
   [1 0])
  ("lane_right" .
   [3 0 0 0 0 0 0 0 0 0])
  ("lane_mid" .
   [2 0 0 0 0 0 0 0])
  ("right" .
   [3 0 0 0 0])
  ("Eigen" .
   [3 0 0 0 0])
  ("ros" .
   [2 0 0])
  ("Publisher" .
   [1 0 0 0 0 0 0 0 0])
  ("test_pub" .
   [1 0 0 0 1 0 0 0])
  ("n_" .
   [1 0])
  ("advertise" .
   [1 0 0 0 0 0 0 0 0])
  ("std_msgs" .
   [1 0 0 0 0 0 0 1])
  ("pubme" .
   [2 0 0 0 0])
  ("publish" .
   [1 0 0 0 0 0 0])
  ("dist_between_lanes" .
   [2 0 0 0 0 0 0 0 0 0 0 0 0 0 0 0 0 0])
  ("dist_between_lanes_" .
   [0 0 0 0 0 0 0 0 0 0 0 0 0 0 0 0 0 0 1])
  ("lane_width_" .
   [1 0 0 0 0 0 0 0 0 0 0])
  ("p" .
   [1])
  ("Vector2d" .
   [1 0 0 0 0 0 0 0])
  ("left_c" .
   [3 0 0 0 0 0])
  ("right_c" .
   [3 0 0 0 0 0 0])
  ("debug" .
   [1 0 0 0 0])))
